P 0
8.474961   8.239551
7.888874   7.650784
7.533079   7.287921
7.287678   7.084680
6.854875   6.648221
6.067008   5.889111
5.888867   5.713163
5.005959   4.538551
3.776273   3.502846
3.502603   3.141446
3.141203   2.943809
2.744467   2.574124
2.573880   2.429125
2.420839   2.218085
2.217841   1.892995
1.892752   1.618351
1.618107   1.370269
1.370025   0.971584
0.971340   0.578503
0.352841   0.153986
0.153742   -0.155751
-0.712351   -0.893173
-0.893416   -1.076675
-1.590385   -1.763896
-1.764139   -1.918642
-2.849558   -3.009179
-3.009422   -3.169043
